00000000
00000001
00000011
00000111
00001111
00011111
00111111
01111111
11111111
11111110
11111100
11111000
11110000
11100000
11000000
10000000
00000011
00000111
00001111
00011111
00111111
01111111
11111111
01111110
00111100
00011000
00001000
10000001
11000011
11100111
11110111
11111111
00000000
01111111
00111111
00011111
00001111
00011110
00111100
01111000
11110000
01111000
00111100
00011110
00001111
00000001
00000011
00000111
00001111
00011111
00111111
01111111
11111111
10000000
11000000
11100000
11110000
11111000
11111100
11111110
11111111
10000001
11000011
11100111
