Vectores de prueba para el sumador de 16 bits


				   signed
 A  ->  0000 0000 0000 0010           2    
 B  ->  0000 0000 1000 0000	     128
+	0000 0000 1000 0010    	     130   -126
-	1111 1111 1000 0010

 A  ->  0000 0000 1000 0000	     128
 B  ->  0000 0000 1000 0010	     130
+	0000 0001 0000 0010          258     -2
-	1111 1111 1111 1110

 A  ->  1000 0000 0000 0000        -32768
 B  ->  0000 0000 1000 0000	     128
+	1111 1111 1000 0000 	   -32640    -32896
		

 A  ->  1000 0000 0000 0000        -32768
 B  ->  0000 0000 0100 0000	      64
+	1000 0000 0100 0000	   -32704    -32832

 A  ->  0000 0000 0000 0011	      3
 B  ->  0000 0000 1111 1111	     128 	
+	00000000  1000 0011	     131      -125
-	1111 1111 1000 0011

 A  ->  1000 0000 0000 0011        -32765 
 B  ->  0000 0000 0000 0100	      4
+	1000 0000 0000 0111	   -32761    -32769	 

 A  ->  0100 0000 0000 0000          16384
 B  ->  0000 0000 1000 0000	       128
+	0100 0000 1000 0000	     16512  16256
-	0011 1111 1000 0000